27
SSFPom1    0.0000000 0.6216201 0.6479396 0.6257613 0.6051782 0.6269151 0.6274111 0.6038255 0.7702466 0.4222307 0.5424548 0.5767166 0.6764250 0.6577650 0.6352364 0.5539755 0.6501659 0.6292672 0.6522344 0.6992049 0.6708461 0.7123419 0.7355668 0.6939785 0.7019936 0.6515150 0.6917562 
Ke24d1     0.6216201 0.0000000 0.0078260 0.0051122 0.0490787 0.0699832 0.0765064 0.0684157 0.3150593 0.2542809 0.3043584 0.3016572 0.3242253 0.2960762 0.3072279 0.2880414 0.2820017 0.2821438 0.2897024 0.3061558 0.2972718 0.3134875 0.2901799 0.2594458 0.3320767 0.2905180 0.3192151 
Do3a1      0.6479396 0.0078260 0.0000000 0.0020005 0.0526848 0.0694639 0.0720815 0.0686423 0.2688414 0.2203033 0.3473552 0.2672081 0.3009441 0.2814250 0.3039216 0.2433510 0.2637870 0.2637870 0.2677531 0.2784992 0.2732527 0.2932830 0.2763430 0.3042352 0.3088647 0.2810550 0.2969359 
Do6b1      0.6257613 0.0051122 0.0020005 0.0000000 0.0478024 0.0645704 0.0690933 0.0637878 0.2688414 0.2203033 0.3473552 0.2656189 0.2907147 0.2724446 0.2943639 0.2433510 0.2632829 0.2632829 0.2674119 0.2784164 0.2729111 0.2828150 0.2763430 0.3042352 0.2977295 0.2714329 0.2860545 
WW4a1      0.6051782 0.0490787 0.0526848 0.0478024 0.0000000 0.0104925 0.0119258 0.0103931 0.3014886 0.2574984 0.3654922 0.2653400 0.3064443 0.2988910 0.3281626 0.2727570 0.2928112 0.2928112 0.2972647 0.2999413 0.2949372 0.3059196 0.2879830 0.3289259 0.2960824 0.2845306 0.2926090 
BT6a1      0.6269151 0.0699832 0.0694639 0.0645704 0.0104925 0.0000000 0.0000010 0.0000010 0.3133367 0.2695723 0.3778181 0.2741099 0.3186250 0.3033551 0.3487739 0.2839102 0.2931281 0.2931281 0.2917257 0.2936883 0.3091834 0.3265654 0.3036906 0.3481354 0.3177235 0.2986312 0.3140212 
BT4a1      0.6274111 0.0765064 0.0720815 0.0690933 0.0119258 0.0000010 0.0000000 0.0000010 0.3133367 0.2695723 0.3778181 0.2563663 0.3186250 0.3085861 0.3507605 0.2839102 0.3060043 0.3060043 0.3060043 0.3060043 0.3060043 0.3265654 0.3036906 0.3481354 0.3177235 0.2888924 0.3140212 
BT4a2      0.6038255 0.0684157 0.0686423 0.0637878 0.0103931 0.0000010 0.0000010 0.0000000 0.3133367 0.2695723 0.3778181 0.2741099 0.3186250 0.3021119 0.3427643 0.2839102 0.2873853 0.2873853 0.2930157 0.2952023 0.3091834 0.3265654 0.3036906 0.3481354 0.3177235 0.2986312 0.3140212 
Te4a1      0.7702466 0.3150593 0.2688414 0.2688414 0.3014886 0.3133367 0.3133367 0.3133367 0.0000000 0.0035913 0.0867061 0.0398969 0.0520891 0.0520891 0.0422069 0.0406433 0.0464301 0.0464301 0.0464301 0.0464301 0.0464301 0.0464301 0.0700280 0.0866443 0.0531971 0.0588775 0.0555244 
Te6a1      0.4222307 0.2542809 0.2203033 0.2203033 0.2574984 0.2695723 0.2695723 0.2695723 0.0035913 0.0000000 0.0675734 0.0371425 0.0461450 0.0443105 0.0367840 0.0331344 0.0387544 0.0387544 0.0387544 0.0387544 0.0387544 0.0403175 0.0666708 0.0838498 0.0458193 0.0513952 0.0479018 
BW19d1     0.5424548 0.3043584 0.3473552 0.3473552 0.3654922 0.3778181 0.3778181 0.3778181 0.0867061 0.0675734 0.0000000 0.0388143 0.0451851 0.0451851 0.0445436 0.0540465 0.0445436 0.0445436 0.0445436 0.0445436 0.0556337 0.0556337 0.0251796 0.0275764 0.0369874 0.0429324 0.0389114 
Ol18a1     0.5767166 0.3016572 0.2672081 0.2656189 0.2653400 0.2741099 0.2563663 0.2741099 0.0398969 0.0371425 0.0388143 0.0000000 0.0000010 0.0000010 0.0045059 0.0040747 0.0038910 0.0038910 0.0038910 0.0038910 0.0120917 0.0088572 0.0203759 0.0233902 0.0210093 0.0239536 0.0220392 
Cu6a1      0.6764250 0.3242253 0.3009441 0.2907147 0.3064443 0.3186250 0.3186250 0.3186250 0.0520891 0.0461450 0.0451851 0.0000010 0.0000000 0.0000010 0.0173877 0.0072041 0.0079595 0.0079595 0.0079595 0.0079595 0.0120820 0.0124225 0.0290702 0.0303151 0.0198265 0.0227685 0.0201007 
Cu12a1     0.6577650 0.2960762 0.2814250 0.2724446 0.2988910 0.3033551 0.3085861 0.3021119 0.0520891 0.0443105 0.0451851 0.0000010 0.0000010 0.0000000 0.0202859 0.0069790 0.0123813 0.0123813 0.0124094 0.0111620 0.0134135 0.0124225 0.0290702 0.0303151 0.0194411 0.0213931 0.0197020 
MF6b1      0.6352364 0.3072279 0.3039216 0.2943639 0.3281626 0.3487739 0.3507605 0.3427643 0.0422069 0.0367840 0.0445436 0.0045059 0.0173877 0.0202859 0.0000000 0.0000010 0.0075102 0.0075102 0.0075743 0.0080427 0.0081459 0.0084251 0.0294751 0.0308517 0.0210141 0.0239100 0.0213204 
MF2a1      0.5539755 0.2880414 0.2433510 0.2433510 0.2727570 0.2839102 0.2839102 0.2839102 0.0406433 0.0331344 0.0540465 0.0040747 0.0072041 0.0069790 0.0000010 0.0000000 0.0033996 0.0033996 0.0033996 0.0033996 0.0033996 0.0035060 0.0290430 0.0346765 0.0172560 0.0212407 0.0179547 
BT8a1      0.6501659 0.2820017 0.2637870 0.2632829 0.2928112 0.2931281 0.3060043 0.2873853 0.0464301 0.0387544 0.0445436 0.0038910 0.0079595 0.0123813 0.0075102 0.0033996 0.0000000 0.0000010 0.0000010 0.0000010 0.0035739 0.0039089 0.0228214 0.0223578 0.0192220 0.0233429 0.0194767 
BT10a1     0.6292672 0.2821438 0.2637870 0.2632829 0.2928112 0.2931281 0.3060043 0.2873853 0.0464301 0.0387544 0.0445436 0.0038910 0.0079595 0.0123813 0.0075102 0.0033996 0.0000010 0.0000000 0.0000010 0.0000010 0.0035739 0.0039089 0.0228214 0.0223578 0.0192220 0.0233429 0.0194767 
BT9c1      0.6522344 0.2897024 0.2677531 0.2674119 0.2972647 0.2917257 0.3060043 0.2930157 0.0464301 0.0387544 0.0445436 0.0038910 0.0079595 0.0124094 0.0075743 0.0033996 0.0000010 0.0000010 0.0000000 0.0000010 0.0035739 0.0039089 0.0228214 0.0223578 0.0192220 0.0233429 0.0194767 
BT9c2      0.6992049 0.3061558 0.2784992 0.2784164 0.2999413 0.2936883 0.3060043 0.2952023 0.0464301 0.0387544 0.0445436 0.0038910 0.0079595 0.0111620 0.0080427 0.0033996 0.0000010 0.0000010 0.0000010 0.0000000 0.0035739 0.0039089 0.0228214 0.0223578 0.0192220 0.0233429 0.0194767 
MW3a1      0.6708461 0.2972718 0.2732527 0.2729111 0.2949372 0.3091834 0.3060043 0.3091834 0.0464301 0.0387544 0.0556337 0.0120917 0.0120820 0.0134135 0.0081459 0.0033996 0.0035739 0.0035739 0.0035739 0.0035739 0.0000000 0.0000010 0.0282478 0.0292273 0.0192220 0.0233454 0.0194767 
MW4a2      0.7123419 0.3134875 0.2932830 0.2828150 0.3059196 0.3265654 0.3265654 0.3265654 0.0464301 0.0403175 0.0556337 0.0088572 0.0124225 0.0124225 0.0084251 0.0035060 0.0039089 0.0039089 0.0039089 0.0039089 0.0000010 0.0000000 0.0282478 0.0292273 0.0195977 0.0231712 0.0198657 
BW11a1     0.7355668 0.2901799 0.2763430 0.2763430 0.2879830 0.3036906 0.3036906 0.3036906 0.0700280 0.0666708 0.0251796 0.0203759 0.0290702 0.0290702 0.0294751 0.0290430 0.0228214 0.0228214 0.0228214 0.0228214 0.0282478 0.0282478 0.0000000 0.0000010 0.0194010 0.0221974 0.0199415 
BW26a1     0.6939785 0.2594458 0.3042352 0.3042352 0.3289259 0.3481354 0.3481354 0.3481354 0.0866443 0.0838498 0.0275764 0.0233902 0.0303151 0.0303151 0.0308517 0.0346765 0.0223578 0.0223578 0.0223578 0.0223578 0.0292273 0.0292273 0.0000010 0.0000000 0.0187467 0.0223578 0.0223578 
Da24a1     0.7019936 0.3320767 0.3088647 0.2977295 0.2960824 0.3177235 0.3177235 0.3177235 0.0531971 0.0458193 0.0369874 0.0210093 0.0198265 0.0194411 0.0210141 0.0172560 0.0192220 0.0192220 0.0192220 0.0192220 0.0192220 0.0195977 0.0194010 0.0187467 0.0000000 0.0019632 0.0040094 
Da1a1      0.6515150 0.2905180 0.2810550 0.2714329 0.2845306 0.2986312 0.2888924 0.2986312 0.0588775 0.0513952 0.0429324 0.0239536 0.0227685 0.0213931 0.0239100 0.0212407 0.0233429 0.0233429 0.0233429 0.0233429 0.0233454 0.0231712 0.0221974 0.0223578 0.0019632 0.0000000 0.0019662 
Da7b1      0.6917562 0.3192151 0.2969359 0.2860545 0.2926090 0.3140212 0.3140212 0.3140212 0.0555244 0.0479018 0.0389114 0.0220392 0.0201007 0.0197020 0.0213204 0.0179547 0.0194767 0.0194767 0.0194767 0.0194767 0.0194767 0.0198657 0.0199415 0.0223578 0.0040094 0.0019662 0.0000000 
