28
BT4a1_LCO1490.ab1     0.0000000 0.0000010 0.0000010 0.2795056 0.2795056 0.2795056 0.2795056 0.2832755 0.3567428 0.3312186 0.2879289 0.2795399 0.2588533 0.2793852 0.2860455 0.0703606 0.0677967 0.0768619 0.2627783 0.3193352 0.2795056 0.2968966 0.4965164 1.0114766 0.2430181 0.3032869 0.2506935 0.0127080 
BT4a2_LCO1490.ab1     0.0000010 0.0000000 0.0000010 0.2616034 0.2665887 0.2676177 0.2616034 0.2832755 0.3567428 0.3312186 0.2879289 0.2747004 0.2676158 0.2793852 0.2860455 0.0659330 0.0615397 0.0669247 0.2627783 0.3128840 0.2836493 0.2968966 0.5269591 0.9898743 0.2575389 0.3032869 0.2506935 0.0111047 
BT6a1_D03.ab1         0.0000010 0.0000010 0.0000000 0.2666716 0.2655054 0.2663642 0.2666716 0.2832755 0.3567428 0.3312186 0.2879289 0.2757281 0.2676158 0.2793852 0.2860455 0.0666303 0.0622139 0.0683919 0.2627783 0.3177428 0.2836493 0.2968966 0.5378220 1.0263145 0.2575389 0.3032869 0.2506935 0.0112097 
BT8a1_LCO1490.ab1     0.2795056 0.2616034 0.2666716 0.0000000 0.0000010 0.0000010 0.0000010 0.0246638 0.0475442 0.0240992 0.0085254 0.0132285 0.0249321 0.0209378 0.0207999 0.2407181 0.2407886 0.2621503 0.0037373 0.0080234 0.0039229 0.0042806 0.5746165 0.9780318 0.0042655 0.0514046 0.0399325 0.2698782 
BT9c1_E03.ab1         0.2795056 0.2665887 0.2655054 0.0000010 0.0000000 0.0000010 0.0000010 0.0246638 0.0475442 0.0240992 0.0085254 0.0132585 0.0249321 0.0209378 0.0207999 0.2438368 0.2440852 0.2690933 0.0037373 0.0080910 0.0039229 0.0042806 0.5851964 1.0169568 0.0042655 0.0514046 0.0399325 0.2734712 
BT9c2_F03.ab1         0.2795056 0.2676177 0.2663642 0.0000010 0.0000010 0.0000000 0.0000010 0.0246638 0.0475442 0.0240992 0.0085254 0.0119187 0.0249321 0.0209378 0.0207999 0.2518002 0.2523178 0.2826171 0.0037373 0.0085563 0.0039229 0.0042806 0.5969814 1.0614454 0.0042655 0.0514046 0.0399325 0.2751013 
BT10a1_LCO1490.ab1    0.2795056 0.2616034 0.2666716 0.0000010 0.0000010 0.0000010 0.0000000 0.0246638 0.0475442 0.0240992 0.0085254 0.0132285 0.0249321 0.0209378 0.0207999 0.2407181 0.2407886 0.2622585 0.0037373 0.0080234 0.0039229 0.0042806 0.5746165 0.9788566 0.0042655 0.0514046 0.0399325 0.2698782 
BW11a1_LCO1490.ab1    0.2832755 0.2832755 0.2832755 0.0246638 0.0246638 0.0246638 0.0246638 0.0000000 0.0270436 0.0000010 0.0311248 0.0311248 0.0241315 0.0216693 0.0212084 0.2566758 0.2566758 0.2784852 0.0316860 0.0308509 0.0307693 0.0307693 0.5774068 1.1374636 0.0224156 0.0778650 0.0701803 0.2668490 
BW19d1_LCO1490.ab1    0.3567428 0.3567428 0.3567428 0.0475442 0.0475442 0.0475442 0.0475442 0.0270436 0.0000000 0.0295925 0.0480576 0.0480576 0.0460283 0.0417167 0.0400002 0.3226961 0.3226961 0.2941103 0.0570846 0.0475442 0.0607884 0.0607884 0.5449721 0.8314512 0.0412082 0.0959078 0.0706066 0.3470536 
BW26a1_LCO1490.ab1    0.3312186 0.3312186 0.3312186 0.0240992 0.0240992 0.0240992 0.0240992 0.0000010 0.0295925 0.0000000 0.0322731 0.0322731 0.0240992 0.0240992 0.0203527 0.2874797 0.2874797 0.2503062 0.0374873 0.0319064 0.0318087 0.0318087 0.6504032 1.1791411 0.0255070 0.0954177 0.0868547 0.3123866 
Cu6a1_LCO1490.ab1     0.2879289 0.2879289 0.2879289 0.0085254 0.0085254 0.0085254 0.0085254 0.0311248 0.0480576 0.0322731 0.0000000 0.0000010 0.0242374 0.0215842 0.0214321 0.2767731 0.2680591 0.3060740 0.0078326 0.0181502 0.0129775 0.0133542 0.5545954 1.0455023 0.0000010 0.0566546 0.0468295 0.2821548 
Cu12a1_LCO1490.ab1    0.2795399 0.2747004 0.2757281 0.0132285 0.0132585 0.0119187 0.0132285 0.0311248 0.0480576 0.0322731 0.0000010 0.0000000 0.0228913 0.0211727 0.0210321 0.2634333 0.2535580 0.2814047 0.0075949 0.0211481 0.0144353 0.0133542 0.5771599 1.0532449 0.0000010 0.0566546 0.0451575 0.2766947 
Da1a1_LCO1490.ab1     0.2588533 0.2676158 0.2676158 0.0249321 0.0249321 0.0249321 0.0249321 0.0241315 0.0460283 0.0240992 0.0242374 0.0228913 0.0000000 0.0021533 0.0021407 0.2583209 0.2478993 0.2740737 0.0226885 0.0246295 0.0249351 0.0246867 0.5541733 1.0432869 0.0260263 0.0630876 0.0522190 0.2558756 
Da7b1_LCO1490.ab1     0.2793852 0.2793852 0.2793852 0.0209378 0.0209378 0.0209378 0.0209378 0.0216693 0.0417167 0.0240992 0.0215842 0.0211727 0.0021533 0.0000000 0.0043774 0.2681829 0.2591185 0.2990594 0.0191895 0.0220991 0.0209378 0.0213399 0.5562600 1.0650149 0.0237547 0.0599290 0.0487560 0.2597196 
Da24a1_LCO1490.ab1    0.2860455 0.2860455 0.2860455 0.0207999 0.0207999 0.0207999 0.0207999 0.0212084 0.0400002 0.0203527 0.0214321 0.0210321 0.0021407 0.0043774 0.0000000 0.2801402 0.2708241 0.3135873 0.0186196 0.0219391 0.0207999 0.0211908 0.5634456 1.0887637 0.0228954 0.0579145 0.0470699 0.2661089 
Do3a1_LCO1490.ab1     0.0703606 0.0659330 0.0666303 0.2407181 0.2438368 0.2518002 0.2407181 0.2566758 0.3226961 0.2874797 0.2767731 0.2634333 0.2583209 0.2681829 0.2801402 0.0000000 0.0021564 0.0082459 0.2245279 0.2746072 0.2483370 0.2646031 0.5622911 1.0148606 0.2517379 0.2588318 0.1990342 0.0507408 
Do6b1_LCO1490.ab1     0.0677967 0.0615397 0.0622139 0.2407886 0.2440852 0.2523178 0.2407886 0.2566758 0.3226961 0.2874797 0.2680591 0.2535580 0.2478993 0.2591185 0.2708241 0.0021564 0.0000000 0.0054412 0.2245279 0.2665331 0.2486482 0.2559236 0.5492277 0.9811238 0.2451317 0.2588318 0.1990342 0.0462776 
Ke24d1_LCO1490.ab1    0.0768619 0.0669247 0.0683919 0.2621503 0.2690933 0.2826171 0.2622585 0.2784852 0.2941103 0.2503062 0.3060740 0.2814047 0.2740737 0.2990594 0.3135873 0.0082459 0.0054412 0.0000000 0.2821405 0.2834660 0.2773496 0.2914720 0.5992239 1.0323892 0.2971574 0.3253923 0.2422208 0.0482013 
MF2a1_LCO1490.ab1     0.2627783 0.2627783 0.2627783 0.0037373 0.0037373 0.0037373 0.0037373 0.0316860 0.0570846 0.0374873 0.0078326 0.0075949 0.0226885 0.0191895 0.0186196 0.2245279 0.2245279 0.2821405 0.0000000 0.0000010 0.0037373 0.0038524 0.4808876 0.7864731 0.0044715 0.0449449 0.0338495 0.2524350 
MF6b1_LCO1490.ab1     0.3193352 0.3128840 0.3177428 0.0080234 0.0080910 0.0085563 0.0080234 0.0308509 0.0475442 0.0319064 0.0181502 0.0211481 0.0246295 0.0220991 0.0219391 0.2746072 0.2665331 0.2834660 0.0000010 0.0000000 0.0086718 0.0089761 0.5605323 0.9837843 0.0049439 0.0465852 0.0371818 0.3001488 
MW3a1_LCO1490.ab1     0.2795056 0.2836493 0.2836493 0.0039229 0.0039229 0.0039229 0.0039229 0.0307693 0.0607884 0.0318087 0.0129775 0.0144353 0.0249351 0.0209378 0.0207999 0.2483370 0.2486482 0.2773496 0.0037373 0.0086718 0.0000000 0.0000010 0.5561361 1.0127006 0.0133215 0.0514046 0.0399325 0.2717331 
MW4a2_LCO1490.ab1     0.2968966 0.2968966 0.2968966 0.0042806 0.0042806 0.0042806 0.0042806 0.0307693 0.0607884 0.0318087 0.0133542 0.0133542 0.0246867 0.0213399 0.0211908 0.2646031 0.2559236 0.2914720 0.0038524 0.0089761 0.0000010 0.0000000 0.5661633 1.0422886 0.0097466 0.0514046 0.0413862 0.2780519 
NCNP.Pom.M.1218.2.ab1 0.4965164 0.5269591 0.5378220 0.5746165 0.5851964 0.5969814 0.5746165 0.5774068 0.5449721 0.6504032 0.5545954 0.5771599 0.5541733 0.5562600 0.5634456 0.5622911 0.5492277 0.5992239 0.4808876 0.5605323 0.5561361 0.5661633 0.0000000 0.9704519 0.4837299 0.5459090 0.4343067 0.5048465 
Ne7_G01.ab1           1.0114766 0.9898743 1.0263145 0.9780318 1.0169568 1.0614454 0.9788566 1.1374636 0.8314512 1.1791411 1.0455023 1.0532449 1.0432869 1.0650149 1.0887637 1.0148606 0.9811238 1.0323892 0.7864731 0.9837843 1.0127006 1.0422886 0.9704519 0.0000000 0.8498933 0.9869613 0.7934019 0.9495995 
Ol18a1_LCO1490.ab1    0.2430181 0.2575389 0.2575389 0.0042655 0.0042655 0.0042655 0.0042655 0.0224156 0.0412082 0.0255070 0.0000010 0.0000010 0.0260263 0.0237547 0.0228954 0.2517379 0.2451317 0.2971574 0.0044715 0.0049439 0.0133215 0.0097466 0.4837299 0.8498933 0.0000000 0.0466129 0.0382264 0.2504056 
Te4a1_LCO1490.ab1     0.3032869 0.3032869 0.3032869 0.0514046 0.0514046 0.0514046 0.0514046 0.0778650 0.0959078 0.0954177 0.0566546 0.0566546 0.0630876 0.0599290 0.0579145 0.2588318 0.2588318 0.3253923 0.0449449 0.0465852 0.0514046 0.0514046 0.5459090 0.9869613 0.0466129 0.0000000 0.0079156 0.2926010 
Te6a1_LCO1490.ab1     0.2506935 0.2506935 0.2506935 0.0399325 0.0399325 0.0399325 0.0399325 0.0701803 0.0706066 0.0868547 0.0468295 0.0451575 0.0522190 0.0487560 0.0470699 0.1990342 0.1990342 0.2422208 0.0338495 0.0371818 0.0399325 0.0413862 0.4343067 0.7934019 0.0382264 0.0079156 0.0000000 0.2396449 
WW4a1_LCO1490.ab1     0.0127080 0.0111047 0.0112097 0.2698782 0.2734712 0.2751013 0.2698782 0.2668490 0.3470536 0.3123866 0.2821548 0.2766947 0.2558756 0.2597196 0.2661089 0.0507408 0.0462776 0.0482013 0.2524350 0.3001488 0.2717331 0.2780519 0.5048465 0.9495995 0.2504056 0.2926010 0.2396449 0.0000000 
