27
SSFPom1    0.0000000 0.4018940 0.4138942 0.4000639 0.3805641 0.4011559 0.3724262 0.3870086 0.6679413 0.4351893 0.3661447 0.5492084 0.4187279 0.4280375 0.4031072 0.4806190 0.4277869 0.4084169 0.4213096 0.4357708 0.4090012 0.4241163 0.4665935 0.4477884 0.4322093 0.3954495 0.4206994 
Ke24d1     0.4018940 0.0000000 0.0067792 0.0044579 0.0368096 0.0522749 0.0541685 0.0511697 0.2585500 0.2177731 0.1942682 0.2349880 0.2129785 0.2059009 0.2062880 0.2138588 0.1938873 0.1943497 0.1989200 0.2000705 0.1901522 0.1987626 0.1851683 0.1704757 0.2137740 0.1879312 0.2026330 
Do3a1      0.4138942 0.0067792 0.0000000 0.0017745 0.0386320 0.0506183 0.0505794 0.0500555 0.1987703 0.1683650 0.1939618 0.1810320 0.1895787 0.1886118 0.1999865 0.1708646 0.1759835 0.1759835 0.1780082 0.1776571 0.1758238 0.1840254 0.1734694 0.1840538 0.2067649 0.1902451 0.1909188 
Do6b1      0.4000639 0.0044579 0.0017745 0.0000000 0.0352764 0.0473899 0.0485208 0.0467463 0.1987703 0.1683650 0.1939618 0.1765391 0.1839256 0.1817952 0.1939781 0.1708646 0.1741849 0.1741849 0.1766539 0.1762153 0.1739359 0.1783081 0.1734694 0.1840538 0.2002955 0.1829612 0.1848447 
WW4a1      0.3805641 0.0368096 0.0386320 0.0352764 0.0000000 0.0090406 0.0098782 0.0089300 0.2193302 0.1941150 0.2014899 0.1802843 0.1945152 0.1984742 0.2131045 0.1875791 0.1938791 0.1938791 0.1965358 0.1915626 0.1899026 0.1926905 0.1773031 0.1943459 0.1966279 0.1878369 0.1845864 
BT6a1      0.4011559 0.0522749 0.0506183 0.0473899 0.0090406 0.0000000 0.0000010 0.0000010 0.2391344 0.2132007 0.2206335 0.1963678 0.2035445 0.2017599 0.2296067 0.2046941 0.1939655 0.1939655 0.1921318 0.1870485 0.2013417 0.2089872 0.1927850 0.2135649 0.2145777 0.1995411 0.2016035 
BT4a1      0.3724262 0.0541685 0.0505794 0.0485208 0.0098782 0.0000010 0.0000000 0.0000010 0.2391344 0.2132007 0.2206335 0.1888183 0.2035445 0.1988919 0.2230430 0.2046941 0.1991564 0.1991564 0.1991564 0.1991564 0.1991564 0.2089872 0.1927850 0.2135649 0.2145777 0.1948225 0.2016035 
BT4a2      0.3870086 0.0511697 0.0500555 0.0467463 0.0089300 0.0000010 0.0000010 0.0000000 0.2391344 0.2132007 0.2206335 0.1963678 0.2035445 0.2009341 0.2256554 0.2046941 0.1904572 0.1904572 0.1936323 0.1888981 0.2013417 0.2089872 0.1927850 0.2135649 0.2145777 0.1995411 0.2016035 
Te4a1      0.6679413 0.2585500 0.1987703 0.1987703 0.2193302 0.2391344 0.2391344 0.2391344 0.0000000 0.0043424 0.0908006 0.0440759 0.0554167 0.0554167 0.0467804 0.0446527 0.0502483 0.0502483 0.0502483 0.0502483 0.0502483 0.0502483 0.0777349 0.0967019 0.0623706 0.0679199 0.0615067 
Te6a1      0.4351893 0.2177731 0.1683650 0.1683650 0.1941150 0.2132007 0.2132007 0.2132007 0.0043424 0.0000000 0.0725495 0.0416500 0.0485879 0.0472051 0.0403027 0.0364921 0.0420048 0.0420048 0.0420048 0.0420048 0.0420048 0.0432147 0.0731745 0.0924492 0.0539441 0.0595389 0.0532109 
BW19d1     0.3661447 0.1942682 0.1939618 0.1939618 0.2014899 0.2206335 0.2206335 0.2206335 0.0908006 0.0725495 0.0000000 0.0386395 0.0434934 0.0434934 0.0433701 0.0537560 0.0433701 0.0433701 0.0433701 0.0433701 0.0557995 0.0557995 0.0221308 0.0242851 0.0386713 0.0440639 0.0381903 
Ol18a1     0.5492084 0.2349880 0.1810320 0.1765391 0.1802843 0.1963678 0.1888183 0.1963678 0.0440759 0.0416500 0.0386395 0.0000000 0.0000010 0.0000010 0.0051788 0.0046841 0.0042463 0.0042463 0.0042463 0.0042463 0.0134450 0.0098551 0.0219494 0.0248275 0.0254490 0.0280431 0.0249271 
Cu6a1      0.4187279 0.2129785 0.1895787 0.1839256 0.1945152 0.2035445 0.2035445 0.2035445 0.0554167 0.0485879 0.0434934 0.0000010 0.0000000 0.0000010 0.0169641 0.0077506 0.0078907 0.0078907 0.0078907 0.0078907 0.0120743 0.0124958 0.0286908 0.0297680 0.0208981 0.0230806 0.0204043 
Cu12a1     0.4280375 0.2059009 0.1886118 0.1817952 0.1984742 0.2017599 0.1988919 0.2009341 0.0554167 0.0472051 0.0434934 0.0000010 0.0000010 0.0000000 0.0196110 0.0075824 0.0121587 0.0121587 0.0121697 0.0110339 0.0134533 0.0124958 0.0286908 0.0297680 0.0206182 0.0217399 0.0200611 
MF6b1      0.4031072 0.2062880 0.1999865 0.1939781 0.2131045 0.2296067 0.2230430 0.2256554 0.0467804 0.0403027 0.0433701 0.0051788 0.0169641 0.0196110 0.0000000 0.0000010 0.0074761 0.0074761 0.0075674 0.0080824 0.0081701 0.0085188 0.0288659 0.0298838 0.0214299 0.0234426 0.0209110 
MF2a1      0.4806190 0.2138588 0.1708646 0.1708646 0.1875791 0.2046941 0.2046941 0.2046941 0.0446527 0.0364921 0.0537560 0.0046841 0.0077506 0.0075824 0.0000010 0.0000000 0.0037521 0.0037521 0.0037521 0.0037521 0.0037521 0.0038340 0.0309687 0.0364000 0.0198565 0.0240806 0.0196743 
BT8a1      0.4277869 0.1938873 0.1759835 0.1741849 0.1938791 0.1939655 0.1991564 0.1904572 0.0502483 0.0420048 0.0433701 0.0042463 0.0078907 0.0121587 0.0074761 0.0037521 0.0000000 0.0000010 0.0000010 0.0000010 0.0036921 0.0040420 0.0229101 0.0224631 0.0204069 0.0237609 0.0198613 
BT10a1     0.4084169 0.1943497 0.1759835 0.1741849 0.1938791 0.1939655 0.1991564 0.1904572 0.0502483 0.0420048 0.0433701 0.0042463 0.0078907 0.0121587 0.0074761 0.0037521 0.0000010 0.0000000 0.0000010 0.0000010 0.0036921 0.0040420 0.0229101 0.0224631 0.0204069 0.0237609 0.0198613 
BT9c1      0.4213096 0.1989200 0.1780082 0.1766539 0.1965358 0.1921318 0.1991564 0.1936323 0.0502483 0.0420048 0.0433701 0.0042463 0.0078907 0.0121697 0.0075674 0.0037521 0.0000010 0.0000010 0.0000000 0.0000010 0.0036921 0.0040420 0.0229101 0.0224631 0.0204069 0.0237609 0.0198613 
BT9c2      0.4357708 0.2000705 0.1776571 0.1762153 0.1915626 0.1870485 0.1991564 0.1888981 0.0502483 0.0420048 0.0433701 0.0042463 0.0078907 0.0110339 0.0080824 0.0037521 0.0000010 0.0000010 0.0000010 0.0000000 0.0036921 0.0040420 0.0229101 0.0224631 0.0204069 0.0237609 0.0198613 
MW3a1      0.4090012 0.1901522 0.1758238 0.1739359 0.1899026 0.2013417 0.1991564 0.2013417 0.0502483 0.0420048 0.0557995 0.0134450 0.0120743 0.0134533 0.0081701 0.0037521 0.0036921 0.0036921 0.0036921 0.0036921 0.0000000 0.0000010 0.0287504 0.0298481 0.0204069 0.0237865 0.0198613 
MW4a2      0.4241163 0.1987626 0.1840254 0.1783081 0.1926905 0.2089872 0.2089872 0.2089872 0.0502483 0.0432147 0.0557995 0.0098551 0.0124958 0.0124958 0.0085188 0.0038340 0.0040420 0.0040420 0.0040420 0.0040420 0.0000010 0.0000000 0.0287504 0.0298481 0.0206808 0.0236810 0.0201974 
BW11a1     0.4665935 0.1851683 0.1734694 0.1734694 0.1773031 0.1927850 0.1927850 0.1927850 0.0777349 0.0731745 0.0221308 0.0219494 0.0286908 0.0286908 0.0288659 0.0309687 0.0229101 0.0229101 0.0229101 0.0229101 0.0287504 0.0287504 0.0000000 0.0000010 0.0203422 0.0230495 0.0202220 
BW26a1     0.4477884 0.1704757 0.1840538 0.1840538 0.1943459 0.2135649 0.2135649 0.2135649 0.0967019 0.0924492 0.0242851 0.0248275 0.0297680 0.0297680 0.0298838 0.0364000 0.0224631 0.0224631 0.0224631 0.0224631 0.0298481 0.0298481 0.0000010 0.0000000 0.0190884 0.0224631 0.0224631 
Da24a1     0.4322093 0.2137740 0.2067649 0.2002955 0.1966279 0.2145777 0.2145777 0.2145777 0.0623706 0.0539441 0.0386713 0.0254490 0.0208981 0.0206182 0.0214299 0.0198565 0.0204069 0.0204069 0.0204069 0.0204069 0.0204069 0.0206808 0.0203422 0.0190884 0.0000000 0.0021108 0.0042653 
Da1a1      0.3954495 0.1879312 0.1902451 0.1829612 0.1878369 0.1995411 0.1948225 0.1995411 0.0679199 0.0595389 0.0440639 0.0280431 0.0230806 0.0217399 0.0234426 0.0240806 0.0237609 0.0237609 0.0237609 0.0237609 0.0237865 0.0236810 0.0230495 0.0224631 0.0021108 0.0000000 0.0020792 
Da7b1      0.4206994 0.2026330 0.1909188 0.1848447 0.1845864 0.2016035 0.2016035 0.2016035 0.0615067 0.0532109 0.0381903 0.0249271 0.0204043 0.0200611 0.0209110 0.0196743 0.0198613 0.0198613 0.0198613 0.0198613 0.0198613 0.0201974 0.0202220 0.0224631 0.0042653 0.0020792 0.0000000 
